356589
357167
343821
45675
855144
343820
